 day, S, E, H, R, D
0,632110.814,0.0,0.0,0.0,0.0
1,631344.959,222.614,0.0,22.482,0.0
2,630379.884,422.697,0.0,66.342,0.0
3,629072.746,765.241,0.0,139.394,0.0
4,627321.064,1210.712,0.0,247.78,0.0
5,624908.777,1873.405,7.729,421.869,0.0
6,621559.021,2813.229,23.605,679.282,0.337
7,616859.017,4167.502,48.162,1048.385,1.359
8,610220.531,6108.928,81.946,1565.683,3.52
9,600820.244,8876.802,127.423,2293.263,7.497
10,587555.086,12749.953,187.114,3311.349,14.095
11,568998.998,18052.549,265.381,4739.381,24.612
12,543452.646,25058.033,367.109,6749.487,41.99
13,509169.597,33816.479,496.918,9574.671,70.266
14,464888.974,43843.021,660.752,13530.557,116.786
15,410664.349,53826.06,853.51,19019.474,195.758
16,348787.736,61523.815,1067.992,26533.018,328.282
17,284146.466,64341.818,1279.091,36576.257,549.948
18,222954.062,60948.952,1449.928,49615.332,902.929
19,170406.791,52355.693,1558.416,65932.931,1436.328
20,128793.105,41467.928,1614.766,85553.565,2187.264
21,97536.547,31146.152,1657.547,108244.173,3175.335
22,74692.874,22759.707,1703.179,133555.97,4408.299
23,68232.511,6460.363,1755.278,160891.23,5871.477
24,62678.269,5554.242,1816.453,189434.911,7510.228
25,57982.337,4695.932,1887.053,217941.189,9244.7
26,53999.999,3982.338,1965.373,245762.226,10992.204
27,50593.957,3406.042,2045.072,272412.424,12692.722
28,47670.609,2923.348,2123.991,297568.082,14294.811
29,45149.377,2521.232,2184.834,320570.419,15719.05
30,42962.528,2186.849,2239.794,341598.726,16982.14
31,41053.775,1908.753,2284.787,360815.831,18102.94
32,39381.006,1672.769,2321.78,378384.252,19093.01
33,37906.979,1474.027,2349.132,394448.21,19969.5
34,36605.964,1301.015,2368.227,409125.381,20746.687
35,35448.957,1157.007,2378.922,422568.863,21433.432
36,34417.391,1031.566,2379.733,434874.558,22042.343
37,33497.861,919.53,2374.512,446139.051,22583.052
38,32671.711,826.15,2362.272,456466.823,23061.424
39,31929.028,742.683,2341.031,465934.202,23488.372
40,31258.686,670.342,2314.303,474622.687,23866.811
41,30655.855,602.831,2281.694,482599.956,24204.22
42,30108.776,547.079,2242.691,489930.873,24505.095
43,29613.371,495.405,2197.742,496676.139,24775.247
44,29161.891,451.48,2148.349,502885.901,25018.053
45,28752.399,409.492,2093.341,508608.32,25235.632
46,28378.436,373.963,2036.472,513886.198,25431.525
47,28036.668,341.768,1975.958,518749.811,25609.282
48,27723.245,313.423,1912.718,523239.645,25769.961
49,27435.482,287.763,1846.446,527386.038,25916.46
50,27173.404,262.078,1779.343,531217.712,26049.137
51,26932.216,241.188,1709.475,534761.898,26170.432
52,26710.434,221.782,1640.434,538043.552,26280.505
53,26506.708,203.726,1569.766,541082.983,26382.023
54,26319.686,187.022,1500.297,543894.985,26474.389
55,26147.333,172.353,1430.236,546500.71,26560.203
56,25989.255,158.078,1361.975,548916.577,26638.718
57,25842.794,146.461,1293.587,551157.221,26710.979
58,25706.756,136.038,1227.154,553237.948,26777.615
59,25580.951,125.805,1162.639,555170.535,26839.504
60,25464.816,116.135,1098.908,556962.544,26896.925
61,25358.352,106.464,1037.219,558628.977,26950.178
62,25258.987,99.365,978.135,560173.647,26999.164
63,25167.54,91.447,920.786,561612.769,27044.753
64,25083.096,84.444,865.762,562948.589,27087.027
65,25004.107,78.989,812.978,564191.324,27126.007
66,24931.018,73.089,762.752,565347.164,27162.48
67,24863.45,67.568,715.093,566422.882,27196.196
68,24800.399,63.051,669.817,567423.197,27227.489
69,24742.557,57.842,626.482,568354.716,27256.524
70,24688.386,54.171,585.379,569220.562,27283.414
71,24638.575,49.811,546.808,570027.826,27308.505
72,24592.27,46.305,510.693,570778.93,27331.413
73,24549.005,43.265,476.626,571477.457,27353.123
74,24508.632,40.373,444.646,572127.864,27373.019
75,24471.373,37.259,414.536,572734.272,27391.464
76,24436.761,34.612,385.979,573299.338,27408.626
77,24404.491,32.27,359.166,573826.06,27424.434
78,24374.717,29.774,334.244,574316.693,27439.113
79,24346.74,27.977,311.089,574773.34,27452.841
80,24320.945,25.795,288.873,575198.924,27465.691
81,24296.623,24.322,268.593,575595.273,27477.484
82,24274.145,22.478,249.623,575964.81,27488.468
83,24253.378,20.767,232.061,576308.156,27498.562
84,24234.173,19.205,215.371,576629.642,27507.838
85,24216.094,18.079,199.709,576928.92,27516.608
86,24199.2,16.894,185.188,577206.742,27524.675
87,24183.625,15.575,171.706,577467.272,27532.141
88,24169.262,14.363,158.746,577709.143,27539.125
89,24155.786,13.476,146.935,577934.903,27545.595
90,24143.28,12.506,136.169,578145.757,27551.531
91,24131.724,11.556,126.162,578343.038,27557.017
92,24120.936,10.788,117.029,578525.777,27562.104
93,24110.883,10.053,108.47,578695.45,27566.797
94,24101.351,9.532,100.497,578854.631,27571.121
95,24092.552,8.799,92.821,579003.079,27575.196
96,24084.47,8.082,86.054,579141.777,27578.967
97,24076.788,7.682,79.95,579271.014,27582.358
98,24069.669,7.119,74.276,579390.949,27585.498
99,24063.004,6.665,68.871,579503.004,27588.54
100,24056.841,6.163,63.817,579607.319,27591.236
101,24051.113,5.728,59.138,579704.643,27593.906
102,24045.839,5.274,54.8,579795.707,27596.31
103,24040.824,5.015,50.762,579880.828,27598.415
104,24036.201,4.623,47.057,579959.515,27600.428
105,24031.914,4.287,43.537,580033.254,27602.394
106,24027.949,3.965,40.558,580101.948,27604.122
107,24024.156,3.793,37.588,580165.748,27605.689
108,24020.72,3.436,34.929,580225.355,27607.183
109,24017.499,3.221,32.37,580281.027,27608.588
110,24014.523,2.977,30.054,580332.974,27609.842
111,24011.589,2.934,27.986,580381.397,27610.99
112,24009.018,2.571,25.931,580426.5,27612.03
113,24006.579,2.439,24.09,580468.677,27613.054
114,24004.325,2.255,22.391,580508.355,27613.974
115,24002.169,2.157,20.798,580545.175,27614.852
116,24000.134,2.037,19.329,580579.193,27615.691
117,23998.304,1.83,17.925,580611.234,27616.437
118,23996.598,1.706,16.643,580640.974,27617.176
119,23995.019,1.58,15.489,580668.49,27617.829
120,23993.578,1.442,14.382,580694.287,27618.48
121,23992.199,1.38,13.381,580718.732,27619.028
122,23990.893,1.306,12.451,580741.498,27619.549
123,23989.657,1.237,11.632,580762.209,27620.048
124,23988.5,1.157,10.783,580781.94,27620.521
125,23987.523,0.977,10.096,580799.906,27620.939
126,23986.587,0.937,9.366,580816.822,27621.319
127,23985.655,0.932,8.774,580832.671,27621.674
128,23984.856,0.799,8.13,580847.244,27622.065
129,23984.048,0.808,7.588,580861.097,27622.39
130,23983.363,0.686,7.058,580873.96,27622.683
131,23982.673,0.691,6.522,580886.044,27623.001
132,23982.038,0.635,6.032,580897.451,27623.278
133,23981.44,0.598,5.639,580908.023,27623.524
134,23980.894,0.546,5.239,580917.608,27623.73
135,23980.41,0.484,4.883,580926.592,27623.921
136,23979.951,0.46,4.572,580934.973,27624.122
137,23979.522,0.43,4.258,580942.913,27624.3
138,23979.093,0.43,3.972,580950.172,27624.467
139,23978.735,0.358,3.734,580957.136,27624.605
140,23978.376,0.359,3.499,580963.387,27624.741
141,23978.045,0.332,3.249,580969.245,27624.909
142,23977.748,0.297,3.021,580974.961,27625.054
143,23977.44,0.308,2.809,580980.17,27625.181
144,23977.192,0.248,2.61,580984.973,27625.294
145,23976.942,0.25,2.434,580989.44,27625.403
146,23976.699,0.243,2.271,580993.803,27625.491
147,23976.486,0.213,2.086,580997.777,27625.591
148,23976.282,0.204,1.909,581001.495,27625.684
149,23976.112,0.17,1.772,581004.983,27625.767
150,23975.956,0.156,1.645,581008.167,27625.824
151,23975.813,0.143,1.51,581011.126,27625.897
152,23975.666,0.147,1.412,581013.96,27625.957
153,23975.52,0.146,1.31,581016.585,27626.002
154,23975.395,0.125,1.218,581018.993,27626.055
155,23975.274,0.122,1.14,581021.298,27626.095
156,23975.149,0.126,1.077,581023.443,27626.135
157,23975.036,0.113,1.0,581025.417,27626.186
158,23974.941,0.095,0.946,581027.235,27626.223
159,23974.847,0.094,0.892,581028.932,27626.26
160,23974.761,0.086,0.83,581030.449,27626.289
161,23974.686,0.075,0.773,581031.979,27626.318
162,23974.609,0.077,0.728,581033.362,27626.351
163,23974.539,0.07,0.662,581034.757,27626.382
164,23974.48,0.059,0.64,581035.949,27626.404
165,23974.423,0.057,0.601,581037.109,27626.437
166,23974.373,0.05,0.556,581038.173,27626.457
167,23974.331,0.043,0.525,581039.148,27626.473
168,23974.281,0.05,0.498,581040.08,27626.494
169,23974.234,0.047,0.458,581040.92,27626.512
170,23974.204,0.03,0.446,581041.715,27626.519
171,23974.167,0.037,0.405,581042.461,27626.539
172,23974.127,0.04,0.381,581043.102,27626.55
173,23974.091,0.036,0.353,581043.765,27626.559
174,23974.061,0.03,0.328,581044.385,27626.575
175,23974.04,0.021,0.299,581044.934,27626.592
176,23974.018,0.022,0.28,581045.494,27626.598
177,23973.998,0.02,0.259,581045.982,27626.609
178,23973.967,0.031,0.24,581046.411,27626.617
179,23973.956,0.011,0.222,581046.802,27626.627
180,23973.936,0.02,0.2,581047.208,27626.637
181,23973.924,0.012,0.187,581047.577,27626.644
182,23973.91,0.014,0.172,581047.944,27626.656
183,23973.89,0.02,0.164,581048.263,27626.662
184,23973.874,0.016,0.151,581048.526,27626.668
185,23973.864,0.01,0.142,581048.786,27626.672
186,23973.855,0.009,0.131,581049.078,27626.679
187,23973.848,0.007,0.124,581049.294,27626.682
188,23973.844,0.004,0.118,581049.526,27626.686
189,23973.84,0.004,0.105,581049.73,27626.691
190,23973.834,0.006,0.096,581049.909,27626.698
191,23973.833,0.001,0.086,581050.08,27626.706
192,23973.826,0.007,0.081,581050.26,27626.708
193,23973.826,0.0,0.078,581050.423,27626.709
194,23973.822,0.004,0.074,581050.565,27626.712
195,23973.817,0.005,0.069,581050.703,27626.717
196,23973.815,0.002,0.067,581050.839,27626.718
197,23973.811,0.004,0.059,581050.958,27626.721
198,23973.809,0.002,0.052,581051.058,27626.725
